0 0 0.0096154 0.052885 0.043269 0.15865 0.19231 0.29327 0.18269 0.067308
0 0 0.33333 0 0.33333 0 0 0.33333 0 0
0 0 0 0 0.071429 0.21429 0.14286 0.14286 0.35714 0.071429
0 0 0 0 0 0.18182 0.36364 0.090909 0.18182 0.18182
0 0 0 0 0 0.2 0.4 0.26667 0.13333 0
0 0 0 0 0.061224 0.10204 0.14286 0.40816 0.26531 0.020408
0 0 0 0 0.069767 0.093023 0.27907 0.30233 0.23256 0.023256
0 0 0 0.014706 0.058824 0.13235 0.14706 0.30882 0.26471 0.073529
0 0 0 0 0.071429 0.21429 0.14286 0.42857 0 0.14286
0 0 0 0.016393 0.016393 0.13115 0.19672 0.31148 0.22951 0.098361
0 0 0 0.058824 0.029412 0.17647 0.17647 0.32353 0.11765 0.11765
0 0 0 0.0084746 0.042373 0.17797 0.13559 0.32203 0.30508 0.0084746
0 0.0038462 0 0.011538 0.046154 0.12692 0.28077 0.31923 0.19615 0.015385
0 0 0 0.011494 0.017241 0.074713 0.24138 0.37356 0.23563 0.045977
0 0 0 0 0.027778 0.125 0.31944 0.25 0.23611 0.041667
0 0 0 0 0.038961 0.14286 0.16883 0.37662 0.24675 0.025974
0 0 0 0 0.081081 0.13514 0.21622 0.35135 0.21622 0
0 0 0.05 0 0 0.2 0.05 0.45 0.2 0.05
0 0 0 0.05 0.05 0.15 0.35 0.3 0.1 0
0 0 0 0.017544 0.035088 0.12281 0.14035 0.42105 0.24561 0.017544
0 0 0 0.0074074 0.0074074 0.19259 0.17778 0.31111 0.28148 0.022222
0 0 0 0 0.027778 0.097222 0.22917 0.41667 0.21528 0.013889
0 0 0 0.0071429 0.05 0.1 0.22857 0.42143 0.15 0.042857
0 0 0 0 0.023256 0.16279 0.32558 0.27907 0.18605 0.023256
0 0 0 0 0.013889 0.13194 0.25694 0.375 0.20139 0.020833
0 0 0 0 0.056604 0.13208 0.18868 0.39623 0.20755 0.018868
0 0 0 0.006135 0.06135 0.11656 0.20859 0.41104 0.16564 0.030675
0 0 0 0 0.050633 0.075949 0.1519 0.50633 0.20253 0.012658
0 0 0 0 0.047619 0.16667 0.20238 0.36905 0.20238 0.011905
0 0 0 0.03125 0.03125 0.09375 0.28125 0.34375 0.1875 0.03125
0 0 0 0 0.013514 0.16216 0.28378 0.32432 0.14865 0.067568
0 0 0 0 0.051724 0.17241 0.24138 0.36207 0.15517 0.017241
0 0 0.002445 0.007335 0.03423 0.12714 0.28117 0.30073 0.20782 0.03912
0 0 0 0 0.054054 0.054054 0.24324 0.48649 0.13514 0.027027
0 0 0 0 0 0.088235 0.20588 0.47059 0.20588 0.029412
0 0 0 0 0.033058 0.12397 0.29752 0.29752 0.23967 0.0082645
0 0 0 0.0077519 0.046512 0.14729 0.2093 0.35659 0.21705 0.015504
0 0 0 0 0.076923 0.16667 0.20513 0.33333 0.19231 0.025641
0 0 0 0 0.035398 0.11504 0.25664 0.36283 0.22124 0.0088496
0 0 0 0 0.057692 0.14744 0.25 0.30769 0.17949 0.057692
0 0 0 0 0.042254 0.14085 0.1831 0.4507 0.16901 0.014085
0 0 0.0015015 0.0075075 0.045045 0.14565 0.24625 0.34084 0.19069 0.022523
0 0 0 0 0.052632 0.15789 0.22105 0.32632 0.18947 0.052632
0 0 0.003937 0.015748 0.047244 0.14173 0.24803 0.3189 0.19685 0.027559
0 0 0.011364 0 0.068182 0.15909 0.21591 0.35227 0.19318 0
0.00024655 0.00098619 0.0044379 0.015039 0.042406 0.14324 0.2039 0.31336 0.19749 0.078895
0 0 0 0.01676 0.044693 0.12291 0.23464 0.32961 0.20112 0.050279
0 0 0 0.032967 0.076923 0.12088 0.23077 0.2967 0.16484 0.076923
0 0 0 0 0.065789 0.052632 0.27632 0.32895 0.18421 0.092105
0 0 0 0 0 0.2 0.13333 0.33333 0.26667 0.066667
0 0 0 0 0.0625 0.125 0.3125 0.3125 0.1875 0
9.8922e-05 0.0018136 0.006298 0.018828 0.054935 0.1348 0.19913 0.29337 0.20375 0.086985
0 0.0016026 0.0032051 0.010684 0.043269 0.15491 0.19231 0.31303 0.19765 0.083333
0 0 0 0.045455 0 0.090909 0.22727 0.31818 0.27273 0.045455
0 0 0.0091603 0.0091603 0.045802 0.14962 0.19695 0.30534 0.22137 0.062595
0 0 0.0095238 0 0.066667 0.19048 0.19048 0.27619 0.20952 0.057143
0 0 0.041667 0 0.083333 0.125 0.16667 0.29167 0.125 0.16667
0 0 0 0 0 0.11111 0.11111 0.22222 0.44444 0.11111
0.045455 0 0 0 0.045455 0.13636 0.18182 0.18182 0.22727 0.18182
0 0 0.038462 0.038462 0 0.076923 0.19231 0.42308 0.23077 0
0 0 0 0 0.14286 0.14286 0.14286 0.42857 0.14286 0
0 0 0.01085 0.016275 0.074141 0.13924 0.22423 0.25678 0.21157 0.066908
0 0 0.016026 0.028846 0.076923 0.125 0.1891 0.25962 0.21474 0.089744
0.00083893 0.0041946 0.0075503 0.020973 0.07802 0.13423 0.21812 0.28523 0.18624 0.064597
0 0.0012121 0.0045791 0.015488 0.044579 0.13926 0.19785 0.30707 0.21455 0.075421
0 0.0065359 0.019608 0.019608 0.039216 0.11329 0.17647 0.30719 0.22222 0.095861
0 0 0 0.066667 0 0.2 0.33333 0.33333 0 0.066667
0 0 0 0 0 0.22222 0.14815 0.22222 0.37037 0.037037
0 0.0033975 0.00453 0.02265 0.048698 0.12684 0.20838 0.29558 0.20159 0.088335
0 0 0 0 0.018519 0.18519 0.18519 0.24074 0.22222 0.14815
0 0 0 0 0 0.1 0.3 0.1 0.4 0.1
0 0 0.010076 0.017632 0.050378 0.13098 0.15617 0.31486 0.24181 0.078086
0.00033731 0.0012368 0.0068023 0.019845 0.048797 0.1356 0.19479 0.28508 0.21801 0.089499
0.0043478 0.0086957 0.0043478 0.017391 0.043478 0.1 0.1913 0.30435 0.24783 0.078261
0.0064103 0 0.019231 0.032051 0.064103 0.15385 0.19231 0.25641 0.22436 0.051282
0 0 0.009009 0.009009 0.036036 0.17117 0.17117 0.26126 0.25225 0.09009
0 0 0.014388 0.021583 0.079137 0.10072 0.18705 0.29496 0.20144 0.10072
0 0 0.045455 0 0 0.090909 0.22727 0.45455 0.13636 0.045455
0 0.0011111 0.0022222 0.02 0.068889 0.12889 0.22889 0.27889 0.19 0.081111
0 0 0 0.013889 0.069444 0.18056 0.19444 0.27778 0.19444 0.069444
0 0 0.017045 0.028409 0.11932 0.13636 0.25 0.21591 0.16477 0.068182
0 0.05 0 0 0 0.05 0 0.2 0.4 0.3
0 0 0 0.018519 0.055556 0.13426 0.16204 0.3287 0.20833 0.092593
0 0.0023419 0.01171 0.030445 0.063232 0.1452 0.19906 0.31148 0.17096 0.065574
0 0.0025173 0.003776 0.025802 0.06545 0.12838 0.19635 0.29201 0.21082 0.07489
0 0 0.0074074 0.022222 0.074074 0.14444 0.18889 0.29259 0.18148 0.088889
0 0 0.002611 0.010444 0.05483 0.11227 0.22715 0.2611 0.25587 0.075718
0 0 0.0056338 0.016901 0.050704 0.10986 0.2507 0.33521 0.19155 0.039437
0 0.0035768 0.010134 0.022057 0.071535 0.13115 0.19672 0.27362 0.20805 0.083159
0.0048309 0.0048309 0.0048309 0.033816 0.086957 0.13527 0.19807 0.3285 0.14493 0.057971
0 0 0 0.041667 0.041667 0.041667 0.25 0.33333 0.29167 0
0 0 0 0 0.1 0.4 0.2 0.1 0.2 0
0 0.0078534 0.028796 0.020942 0.065445 0.1466 0.19634 0.24607 0.20681 0.081152
0 0 0 0 0 0 0.14286 0.42857 0.28571 0.14286
0.00025265 0.0022739 0.006569 0.022739 0.050025 0.14907 0.2001 0.29257 0.19176 0.084639
0 0 0 0 0.065574 0.16393 0.22951 0.22951 0.21311 0.098361
0 0.0012165 0.006691 0.024331 0.071168 0.1326 0.19404 0.28102 0.19951 0.089416
0 0.0012878 0.007727 0.023825 0.059884 0.11462 0.21764 0.25241 0.21764 0.10496
0 0 0 0 0.038462 0.11538 0.15385 0.38462 0.26923 0.038462
0 0.004451 0.0089021 0.020772 0.051929 0.14095 0.20475 0.29377 0.18546 0.089021
0 0 0.0053191 0.021277 0.053191 0.12234 0.23404 0.25532 0.2234 0.085106
0 0 0.0088496 0.0088496 0.070796 0.15929 0.18584 0.29204 0.15044 0.12389
0 0.0050505 0.0050505 0.025253 0.09596 0.15152 0.19697 0.30303 0.13131 0.085859
0 0 0.038462 0.038462 0.15385 0.076923 0.11538 0.30769 0.23077 0.038462
